0: 0 0 0
1: 680 0 0
2: 0 680 0
3: 680 680 0
4: 0 0 680
5: 680 0 680
6: 0 680 680
7: 680 680 680
8: 0 0 0
9: 1000 0 0
10: 0 1000 0
11: 1000 1000 0
12: 0 0 1000
13: 1000 0 1000
14: 0 1000 1000
15: 1000 1000 1000
16: 0 0 0
17: 1000 0 0
18: 0 1000 0
19: 1000 1000 0
20: 0 0 1000
21: 1000 0 1000
22: 0 1000 1000
23: 1000 1000 1000
24: 0 0 0
25: 1000 0 0
26: 0 1000 0
27: 1000 1000 0
28: 0 0 1000
29: 1000 0 1000
30: 0 1000 1000
31: 1000 1000 1000
32: 0 0 0
33: 1000 0 0
34: 0 1000 0
35: 1000 1000 0
36: 0 0 1000
37: 1000 0 1000
38: 0 1000 1000
39: 1000 1000 1000
40: 0 0 0
41: 1000 0 0
42: 0 1000 0
43: 1000 1000 0
44: 0 0 1000
45: 1000 0 1000
46: 0 1000 1000
47: 1000 1000 1000
48: 0 0 0
49: 1000 0 0
50: 0 1000 0
51: 1000 1000 0
52: 0 0 1000
53: 1000 0 1000
54: 0 1000 1000
55: 1000 1000 1000
56: 0 0 0
57: 1000 0 0
58: 0 1000 0
59: 1000 1000 0
60: 0 0 1000
61: 1000 0 1000
62: 0 1000 1000
63: 1000 1000 1000
64: 0 0 0
65: 1000 0 0
66: 0 1000 0
67: 1000 1000 0
68: 0 0 1000
69: 1000 0 1000
70: 0 1000 1000
71: 1000 1000 1000
72: 0 0 0
73: 1000 0 0
74: 0 1000 0
75: 1000 1000 0
76: 0 0 1000
77: 1000 0 1000
78: 0 1000 1000
79: 1000 1000 1000
80: 0 0 0
81: 1000 0 0
82: 0 1000 0
83: 1000 1000 0
84: 0 0 1000
85: 1000 0 1000
86: 0 1000 1000
87: 1000 1000 1000
88: 0 0 0
89: 1000 0 0
90: 0 1000 0
91: 1000 1000 0
92: 0 0 1000
93: 1000 0 1000
94: 0 1000 1000
95: 1000 1000 1000
96: 0 0 0
97: 1000 0 0
98: 0 1000 0
99: 1000 1000 0
100: 0 0 1000
101: 1000 0 1000
102: 0 1000 1000
103: 1000 1000 1000
104: 0 0 0
105: 1000 0 0
106: 0 1000 0
107: 1000 1000 0
108: 0 0 1000
109: 1000 0 1000
110: 0 1000 1000
111: 1000 1000 1000
112: 0 0 0
113: 1000 0 0
114: 0 1000 0
115: 1000 1000 0
116: 0 0 1000
117: 1000 0 1000
118: 0 1000 1000
119: 1000 1000 1000
120: 0 0 0
121: 1000 0 0
122: 0 1000 0
123: 1000 1000 0
124: 0 0 1000
125: 1000 0 1000
126: 0 1000 1000
127: 1000 1000 1000
128: 0 0 0
129: 1000 0 0
130: 0 1000 0
131: 1000 1000 0
132: 0 0 1000
133: 1000 0 1000
134: 0 1000 1000
135: 1000 1000 1000
136: 0 0 0
137: 1000 0 0
138: 0 1000 0
139: 1000 1000 0
140: 0 0 1000
141: 1000 0 1000
142: 0 1000 1000
143: 1000 1000 1000
144: 0 0 0
145: 1000 0 0
146: 0 1000 0
147: 1000 1000 0
148: 0 0 1000
149: 1000 0 1000
150: 0 1000 1000
151: 1000 1000 1000
152: 0 0 0
153: 1000 0 0
154: 0 1000 0
155: 1000 1000 0
156: 0 0 1000
157: 1000 0 1000
158: 0 1000 1000
159: 1000 1000 1000
160: 0 0 0
161: 1000 0 0
162: 0 1000 0
163: 1000 1000 0
164: 0 0 1000
165: 1000 0 1000
166: 0 1000 1000
167: 1000 1000 1000
168: 0 0 0
169: 1000 0 0
170: 0 1000 0
171: 1000 1000 0
172: 0 0 1000
173: 1000 0 1000
174: 0 1000 1000
175: 1000 1000 1000
176: 0 0 0
177: 1000 0 0
178: 0 1000 0
179: 1000 1000 0
180: 0 0 1000
181: 1000 0 1000
182: 0 1000 1000
183: 1000 1000 1000
184: 0 0 0
185: 1000 0 0
186: 0 1000 0
187: 1000 1000 0
188: 0 0 1000
189: 1000 0 1000
190: 0 1000 1000
191: 1000 1000 1000
192: 0 0 0
193: 1000 0 0
194: 0 1000 0
195: 1000 1000 0
196: 0 0 1000
197: 1000 0 1000
198: 0 1000 1000
199: 1000 1000 1000
200: 0 0 0
201: 1000 0 0
202: 0 1000 0
203: 1000 1000 0
204: 0 0 1000
205: 1000 0 1000
206: 0 1000 1000
207: 1000 1000 1000
208: 0 0 0
209: 1000 0 0
210: 0 1000 0
211: 1000 1000 0
212: 0 0 1000
213: 1000 0 1000
214: 0 1000 1000
215: 1000 1000 1000
216: 0 0 0
217: 1000 0 0
218: 0 1000 0
219: 1000 1000 0
220: 0 0 1000
221: 1000 0 1000
222: 0 1000 1000
223: 1000 1000 1000
224: 0 0 0
225: 1000 0 0
226: 0 1000 0
227: 1000 1000 0
228: 0 0 1000
229: 1000 0 1000
230: 0 1000 1000
231: 1000 1000 1000
232: 0 0 0
233: 1000 0 0
234: 0 1000 0
235: 1000 1000 0
236: 0 0 1000
237: 1000 0 1000
238: 0 1000 1000
239: 1000 1000 1000
240: 0 0 0
241: 1000 0 0
242: 0 1000 0
243: 1000 1000 0
244: 0 0 1000
245: 1000 0 1000
246: 0 1000 1000
247: 1000 1000 1000
248: 0 0 0
249: 1000 0 0
250: 0 1000 0
251: 1000 1000 0
252: 0 0 1000
253: 1000 0 1000
254: 0 1000 1000
255: 1000 1000 1000
